image_width: 744
image_height: 480
camera_matrix:
  rows: 3
  cols: 3
  data: [383.9019780044563, 0, 361.7586243095168, 0, 384.6112526607824, 210.8024242007459, 0, 0, 1]
distortion_coefficients:
  rows: 1
  cols: 5
  data: [-0.2906326337537663, 0.06863818943326856, -0.001780005171518453, 0.0008870990677500119, 0]

