image_width: 744
image_height: 480
camera_name: left
camera_matrix:
  rows: 3
  cols: 3
  data: [339.235023, 0.000000, 361.816561, 0.000000, 339.854855, 298.800560, 0.000000, 0.000000, 1.000000]
distortion_model: plumb_bob
distortion_coefficients:
  rows: 1
  cols: 5
  data: [-0.227741, 0.040889, -0.001854, 0.001510, 0.000000]
rectification_matrix:
  rows: 3
  cols: 3
  data: [0.999910, 0.001597, -0.013296, -0.001650, 0.999991, -0.003962, 0.013290, 0.003984, 0.999904]
projection_matrix:
  rows: 3
  cols: 4
  data: [403.605939, 0.000000, 324.601709, 0.000000, 0.000000, 403.605939, 249.747250, 0.000000, 0.000000, 0.000000, 1.000000, 0.000000]
