image_width: 744
image_height: 480
camera_name: right
camera_matrix:
  rows: 3
  cols: 3
  data: [345.107292, 0.000000, 379.543780, 0.000000, 351.947433, 202.905149, 0.000000, 0.000000, 1.000000]
distortion_model: plumb_bob
distortion_coefficients:
  rows: 1
  cols: 5
  # data: [-0.2906326337537663, 0.06863818943326856, -0.001780005171518453, 0.0008870990677500119, 0]
  data: [-0.225886, 0.043241, 0.003057, -0.005799, 0.000000]
rectification_matrix:
  rows: 3
  cols: 3
  data: [0.991289, -0.001251, 0.131698, 0.000727, 0.999992, 0.004030, -0.131702, -0.003899, 0.991282]
projection_matrix:
  rows: 3
  cols: 4
  data: [403.605939, 0.000000, 324.601709, 87.522023, 0.000000, 403.605939, 249.747250, 0.000000, 0.000000, 0.000000, 1.000000, 0.000000]
